epoch	accuracy  loss   val_accuracy  val_loss
1    0.7813       0.6333   0.8437        0.4444
2    0.8658       0.3781   0.8601        0.3888
3    0.8771       0.3402   0.8673        0.3718
4    0.8840       0.3164   0.8694        0.3673
5    0.8911       0.2933   0.8695        0.3607
6    0.8965       0.2809   0.8752        0.3476
7    0.9003       0.2671   0.8740        0.3519
8    0.9054       0.2549   0.8734        0.3468
9    0.9074       0.2475   0.8839        0.3320
10   0.9137       0.2334   0.8828        0.3311
11   0.9140       0.2309   0.8825        0.3487
12   0.9179       0.2213   0.8872        0.3306
13   0.9198       0.2135   0.8858        0.3364
14   0.9197       0.2106   0.8861        0.3441
15   0.9237       0.2029   0.8901        0.3321
16   0.9277       0.1897   0.8835        0.3554
17   0.9275       0.1936   0.8880        0.3527
18   0.9280       0.1880   0.8725        0.4127
19   0.9310       0.1829   0.8852        0.3554
20   0.9331       0.1740   0.8826        0.3616
21   0.9361       0.1689   0.8891        0.3612
22   0.9390       0.1635   0.8841        0.3821
23   0.9391       0.1616   0.8887        0.3660
24   0.9398       0.1574   0.8851        0.3673
25   0.9421       0.1551   0.8871        0.3790
26   0.9433       0.1508   0.8890        0.3947
27   0.9432       0.1488   0.8889        0.3842
28   0.9439       0.1472   0.8841        0.3944
29   0.9453       0.1457   0.8848        0.4064
30   0.9467       0.1416   0.8880        0.4136
31   0.9494       0.1332   0.8853        0.4117
32   0.9506       0.1310   0.8899        0.3883
33   0.9525       0.1272   0.8829        0.4165
34   0.9508       0.1279   0.8860        0.4250
35   0.9502       0.1292   0.8865        0.4392
36   0.9533       0.1232   0.8887        0.4373
37   0.9545       0.1213   0.8884        0.4494
38   0.9548       0.1185   0.8878        0.4334
39   0.9558       0.1148   0.8827        0.4466
40   0.9564       0.1153   0.8862        0.4567
41   0.9574       0.1112   0.8839        0.4555
42   0.9579       0.1137   0.8848        0.4481
43   0.9598       0.1068   0.8875        0.4558
44   0.9602       0.1052   0.8891        0.4643
45   0.9624       0.1009   0.8847        0.4865
46   0.9613       0.1044   0.8931        0.4605
47   0.9614       0.1022   0.8888        0.4793
48   0.9647       0.0951   0.8810        0.5140
49   0.9603       0.1007   0.8759        0.5750
50   0.9639       0.0971   0.8793        0.5422
51   0.9629       0.0964   0.8847        0.5141
52   0.9652       0.0935   0.8862        0.5207
53   0.9654       0.0916   0.8873        0.5062
54   0.9667       0.0883   0.8834        0.5435
55   0.9680       0.0864   0.8865        0.5291
56   0.9663       0.0922   0.8856        0.5260
57   0.9695       0.0812   0.8805        0.5646
58   0.9665       0.0862   0.8862        0.5726
59   0.9691       0.0837   0.8800        0.5716
60   0.9697       0.0823   0.8863        0.5514
61   0.9698       0.0814   0.8881        0.5463
62   0.9683       0.0813   0.8724        0.6157
63   0.9696       0.0808   0.8804        0.6007
64   0.9712       0.0780   0.8779        0.6117
65   0.9716       0.0756   0.8866        0.5694
66   0.9718       0.0755   0.8822        0.5874
67   0.9720       0.0759   0.8823        0.5867
68   0.9729       0.0706   0.8876        0.5848
69   0.9730       0.0714   0.8835        0.6073
70   0.9736       0.0706   0.8812        0.6253
71   0.9743       0.0695   0.8840        0.6204
72   0.9730       0.0719   0.8839        0.6342
73   0.9754       0.0670   0.8838        0.6290
74   0.9736       0.0698   0.8853        0.6305
75   0.9749       0.0688   0.8828        0.6662
76   0.9753       0.0657   0.8829        0.6417
77   0.9768       0.0618   0.8855        0.6439
78   0.9768       0.0637   0.8859        0.6508
79   0.9759       0.0635   0.8915        0.6458
80   0.9760       0.0633   0.8887        0.6167
81   0.9782       0.0573   0.8854        0.6636
82   0.9776       0.0604   0.8848        0.6523
83   0.9783       0.0590   0.8881        0.6665
84   0.9783       0.0604   0.8826        0.6981
85   0.9785       0.0563   0.8899        0.6792
86   0.9785       0.0560   0.8832        0.6851
87   0.9790       0.0579   0.8867        0.6919
88   0.9793       0.0549   0.8871        0.6831
89   0.9808       0.0532   0.8824        0.7160
90   0.9798       0.0533   0.8843        0.7365
91   0.9787       0.0577   0.8858        0.7482
92   0.9809       0.0525   0.8874        0.7005
93   0.9811       0.0524   0.8867        0.7464
94   0.9812       0.0504   0.8807        0.7960
95   0.9787       0.0546   0.8867        0.7232
96   0.9807       0.0515   0.8852        0.7645
97   0.9810       0.0496   0.8880        0.7431
98   0.9797       0.0524   0.8842        0.7478
99   0.9827       0.0478   0.8877        0.7352
100  0.9834       0.0470   0.8872       0.7454
101  0.9817       0.0476   0.8864       0.7588
102  0.9819       0.0480   0.8854       0.7553
103  0.9823       0.0469   0.8822       0.7915
104  0.9796       0.0533   0.8817       0.8185
105  0.9830       0.0482   0.8859       0.7740
106  0.9829       0.0455   0.8858       0.8115
107  0.9826       0.0462   0.8859       0.8019
108  0.9834       0.0456   0.8857       0.8008
109  0.9844       0.0422   0.8856       0.8054
110  0.9835       0.0455   0.8859       0.7931
111  0.9831       0.0454   0.8913       0.7962
112  0.9845       0.0432   0.8827       0.8392
113  0.9840       0.0444   0.8936       0.8338
114  0.9850       0.0421   0.8837       0.8459
115  0.9838       0.0455   0.8878       0.8307
116  0.9855       0.0382   0.8903       0.8251
117  0.9832       0.0430   0.8845       0.8139
118  0.9844       0.0410   0.8872       0.8481
119  0.9837       0.0432   0.8842       0.8996
120  0.9846       0.0428   0.8810       0.8699
121  0.9866       0.0388   0.8840       0.8885
122  0.9865       0.0364   0.8850       0.8903
123  0.9857       0.0378   0.8834       0.9272
124  0.9841       0.0435   0.8826       0.9234
125  0.9855       0.0393   0.8868       0.8953
126  0.9874       0.0342   0.8854       0.9157
127  0.9829       0.0465   0.8851       0.9076
128  0.9835       0.0453   0.8809       0.9145
129  0.9843       0.0403   0.8823       0.9937
130  0.9850       0.0417   0.8860       0.9295
131  0.9879       0.0334   0.8840       0.9254
132  0.9881       0.0310   0.8856       0.9500
133  0.9869       0.0366   0.8874       0.9224
134  0.9879       0.0313   0.8847       0.9582
135  0.9861       0.0382   0.8838       0.9933
136  0.9865       0.0360   0.8874       0.9551
137  0.9877       0.0317   0.8834       0.9615
138  0.9890       0.0306   0.8831       0.9429
139  0.9872       0.0353   0.8872       0.9774
140  0.9883       0.0328   0.8829       0.9860
141  0.9885       0.0308   0.8816       1.0200
142  0.9883       0.0332   0.8857       0.9651
143  0.9858       0.0385   0.8847       0.9946
144  0.9881       0.0317   0.8815       1.0126
145  0.9893       0.0295   0.8832       1.0228
146  0.9886       0.0303   0.8847       1.0316
147  0.9876       0.0326   0.8854       1.0063
148  0.9883       0.0336   0.8790       1.0940
149  0.9881       0.0356   0.8812       1.0155
150  0.9899       0.0295   0.8860       1.0407
151  0.9866       0.0362   0.8871       1.0262
152  0.9891       0.0281   0.8885       1.0209
153  0.9879       0.0330   0.8834       1.0622
154  0.9869       0.0361   0.8851       1.0562
155  0.9894       0.0294   0.8898       1.0196
156  0.9893       0.0289   0.8823       1.1425
157  0.9884       0.0311   0.8851       1.1025
158  0.9910       0.0255   0.8809       1.1053
159  0.9891       0.0322   0.8838       1.0486
160  0.9927       0.0229   0.8817       1.0751
161  0.9892       0.0295   0.8816       1.1016
162  0.9871       0.0348   0.8853       1.0570
163  0.9908       0.0272   0.8830       1.1141
164  0.9899       0.0277   0.8871       1.1374
165  0.9869       0.0379   0.8841       1.0972
166  0.9886       0.0336   0.8788       1.1541
167  0.9880       0.0352   0.8878       1.0941
168  0.9892       0.0290   0.8857       1.0800
169  0.9908       0.0250   0.8712       1.1269
170  0.9901       0.0270   0.8865       1.0887
171  0.9891       0.0277   0.8885       1.1304
172  0.9888       0.0338   0.8851       1.1334
173  0.9902       0.0281   0.8848       1.1343
174  0.9907       0.0250   0.8858       1.1152
175  0.9902       0.0278   0.8851       1.1194
176  0.9872       0.0357   0.8884       1.1396
177  0.9896       0.0288   0.8876       1.1608
178  0.9915       0.0244   0.8859       1.1699
179  0.9903       0.0267   0.8830       1.1817
180  0.9908       0.0251   0.8876       1.1152
181  0.9867       0.0387   0.8817       1.1261
182  0.9908       0.0261   0.8859       1.1832
183  0.9894       0.0304   0.8893       1.1094
184  0.9888       0.0318   0.8844       1.1925
185  0.9887       0.0316   0.8893       1.1421
186  0.9909       0.0263   0.8841       1.1795
187  0.9910       0.0249   0.8846       1.2054
188  0.9897       0.0294   0.8861       1.1467
189  0.9932       0.0179   0.8764       1.2338
190  0.9914       0.0232   0.8846       1.1958
191  0.9902       0.0253   0.8857       1.1761
192  0.9912       0.0242   0.8813       1.2259
193  0.9915       0.0232   0.8849       1.2303
194  0.9917       0.0242   0.8870       1.1724
195  0.9924       0.0202   0.8817       1.2442
196  0.9937       0.0189   0.8847       1.1956
197  0.9898       0.0291   0.8836       1.1870
198  0.9934       0.0193   0.8856       1.2058
199  0.9913       0.0235   0.8850       1.2529
200  0.9896       0.0281   0.8857       1.2290
201  0.9887       0.0313   0.8811       1.2457
202  0.9903       0.0277   0.8861       1.2475
203  0.9913       0.0251   0.8871       1.2730
204  0.9909       0.0246   0.8836       1.1950
205  0.9924       0.0212   0.8835       1.2369
206  0.9917       0.0256   0.8841       1.2490
207  0.9922       0.0214   0.8803       1.3167
208  0.9913       0.0250   0.8863       1.2964
209  0.9928       0.0215   0.8837       1.2134
210  0.9930       0.0198   0.8856       1.2922
211  0.9933       0.0201   0.8866       1.2361
212  0.9943       0.0183   0.8881       1.2283
213  0.9918       0.0223   0.8865       1.2387
214  0.9922       0.0206   0.8845       1.3373
215  0.9937       0.0180   0.8813       1.3139
216  0.9931       0.0199   0.8846       1.3483
217  0.9927       0.0196   0.8852       1.3025
218  0.9909       0.0285   0.8846       1.2990
219  0.9938       0.0193   0.8871       1.2889
220  0.9931       0.0196   0.8870       1.2784
221  0.9925       0.0229   0.8828       1.2973
222  0.9918       0.0247   0.8851       1.2838
223  0.9909       0.0269   0.8829       1.2924
224  0.9926       0.0201   0.8879       1.3422
225  0.9937       0.0191   0.8805       1.3377
226  0.9914       0.0238   0.8853       1.3458
227  0.9936       0.0181   0.8836       1.3335
228  0.9904       0.0280   0.8817       1.3449
229  0.9933       0.0201   0.8865       1.3869
230  0.9943       0.0175   0.8872       1.2816
231  0.9931       0.0193   0.8826       1.3884
232  0.9912       0.0268   0.8880       1.3647
233  0.9935       0.0197   0.8833       1.3513
234  0.9934       0.0210   0.8826       1.3886
235  0.9937       0.0192   0.8830       1.3577
236  0.9961       0.0134   0.8822       1.3823
237  0.9936       0.0185   0.8856       1.3928
238  0.9918       0.0295   0.8823       1.4026
239  0.9931       0.0211   0.8854       1.3925
240  0.9915       0.0238   0.8823       1.5554
241  0.9917       0.0253   0.8890       1.3258
242  0.9943       0.0171   0.8840       1.3968
243  0.9927       0.0208   0.8862       1.3681
244  0.9944       0.0171   0.8860       1.3511
245  0.9931       0.0215   0.8835       1.3855
246  0.9941       0.0166   0.8818       1.4612
247  0.9929       0.0198   0.8832       1.4043
248  0.9937       0.0198   0.8817       1.4037
249  0.9950       0.0158   0.8860       1.4315
250  0.9914       0.0263   0.8824       1.4003
251  0.9925       0.0216   0.8830       1.3716
252  0.9931       0.0198   0.8901       1.3891
253  0.9932       0.0207   0.8882       1.4087
254  0.9957       0.0132   0.8822       1.4330
255  0.9924       0.0244   0.8880       1.3951
256  0.9949       0.0136   0.8845       1.4771
257  0.9908       0.0284   0.8866       1.3870
258  0.9945       0.0170   0.8856       1.4006
259  0.9913       0.0277   0.8857       1.3938
260  0.9946       0.0173   0.8821       1.4309
261  0.9955       0.0147   0.8825       1.4556
262  0.9949       0.0147   0.8873       1.4751
263  0.9934       0.0190   0.8840       1.4489
264  0.9957       0.0132   0.8786       1.5615
265  0.9911       0.0271   0.8870       1.4222
266  0.9926       0.0223   0.8825       1.4893
267  0.9936       0.0203   0.8800       1.4682
268  0.9921       0.0230   0.8871       1.5012
269  0.9932       0.0219   0.8848       1.3773
270  0.9912       0.0289   0.8870       1.4577
271  0.9953       0.0143   0.8856       1.4846
272  0.9945       0.0168   0.8837       1.5045
273  0.9926       0.0221   0.8841       1.4811
274  0.9918       0.0257   0.8883       1.4375
275  0.9956       0.0131   0.8842       1.5388
276  0.9923       0.0233   0.8879       1.4476
277  0.9948       0.0158   0.8791       1.5499
278  0.9930       0.0231   0.8844       1.4819
279  0.9923       0.0239   0.8767       1.5048
280  0.9931       0.0202   0.8837       1.4545
281  0.9949       0.0144   0.8848       1.4874
282  0.9925       0.0224   0.8864       1.4983
283  0.9942       0.0166   0.8800       1.5751
284  0.9940       0.0177   0.8845       1.4596
285  0.9943       0.0177   0.8829       1.5506
286  0.9937       0.0183   0.8867       1.5167
287  0.9954       0.0145   0.8818       1.5218
288  0.9952       0.0137   0.8858       1.4883
289  0.9930       0.0216   0.8851       1.5594
290  0.9967       0.0101   0.8776       1.5934
291  0.9941       0.0174   0.8877       1.5461
292  0.9935       0.0201   0.8865       1.5399
293  0.9945       0.0177   0.8826       1.5787
294  0.9942       0.0162   0.8853       1.5290
295  0.9947       0.0177   0.8875       1.5243
296  0.9938       0.0185   0.8858       1.6121
297  0.9943       0.0189   0.8873       1.6317
298  0.9949       0.0151   0.8861       1.5543
299  0.9944       0.0167   0.8848       1.5916
300  0.9952       0.0146   0.8867       1.5494
301  0.9954       0.0131   0.8800       1.5970
302  0.9929       0.0207   0.8857       1.5418
303  0.9953       0.0149   0.8872       1.5996
304  0.9969       0.0105   0.8832       1.6069
305  0.9950       0.0155   0.8881       1.6128
306  0.9948       0.0166   0.8836       1.5536
307  0.9974       0.0089   0.8828       1.6151
308  0.9949       0.0140   0.8850       1.5831
309  0.9933       0.0228   0.8867       1.5196
310  0.9965       0.0121   0.8819       1.5604
311  0.9927       0.0228   0.8799       1.6212
312  0.9952       0.0150   0.8840       1.5458
313  0.9958       0.0125   0.8846       1.6184
314  0.9956       0.0118   0.8827       1.6519
315  0.9961       0.0134   0.8866       1.5599
316  0.9963       0.0111   0.8854       1.5766
317  0.9950       0.0167   0.8877       1.6901
318  0.9953       0.0145   0.8881       1.5712
319  0.9948       0.0159   0.8847       1.6260
320  0.9953       0.0141   0.8864       1.5995
321  0.9963       0.0108   0.8846       1.6229
322  0.9954       0.0148   0.8854       1.6615
323  0.9953       0.0145   0.8877       1.6138
324  0.9928       0.0208   0.8854       1.6303
325  0.9928       0.0229   0.8858       1.6296
326  0.9944       0.0157   0.8815       1.6904
327  0.9950       0.0170   0.8863       1.6525
328  0.9956       0.0147   0.8846       1.6659
329  0.9956       0.0131   0.8812       1.6350
330  0.9950       0.0155   0.8856       1.5351
331  0.9955       0.0140   0.8892       1.6228
332  0.9952       0.0139   0.8877       1.5912
333  0.9961       0.0125   0.8842       1.5722
334  0.9969       0.0099   0.8830       1.6645
335  0.9956       0.0141   0.8842       1.6324
336  0.9957       0.0144   0.8843       1.7716
337  0.9942       0.0192   0.8879       1.7026
338  0.9928       0.0252   0.8848       1.6307
339  0.9958       0.0145   0.8801       1.7484
340  0.9921       0.0285   0.8858       1.6382
341  0.9981       0.0075   0.8868       1.6543
342  0.9962       0.0101   0.8843       1.7058
343  0.9956       0.0124   0.8811       1.6738
344  0.9942       0.0199   0.8896       1.6565
345  0.9955       0.0152   0.8870       1.6673
346  0.9964       0.0105   0.8852       1.5848
347  0.9960       0.0106   0.8822       1.8059
348  0.9923       0.0262   0.8873       1.6821
349  0.9969       0.0097   0.8839       1.6510
350  0.9945       0.0160   0.8835       1.7284
351  0.9938       0.0187   0.8826       1.7438
352  0.9963       0.0132   0.8846       1.7122
353  0.9962       0.0118   0.8814       1.7681
354  0.9947       0.0167   0.8875       1.6751
355  0.9968       0.0099   0.8888       1.6700
356  0.9964       0.0111   0.8893       1.7086
357  0.9968       0.0109   0.8907       1.6832
358  0.9972       0.0090   0.8880       1.7163
359  0.9972       0.0089   0.8880       1.7167
360  0.9969       0.0112   0.8881       1.7164
361  0.9951       0.0153   0.8850       1.7141
362  0.9939       0.0167   0.8855       1.7508
363  0.9958       0.0134   0.8835       1.7978
364  0.9966       0.0126   0.8862       1.7557
365  0.9966       0.0115   0.8843       1.6836
366  0.9961       0.0127   0.8888       1.7024
367  0.9958       0.0145   0.8872       1.7336
368  0.9966       0.0111   0.8823       1.7531
369  0.9948       0.0148   0.8867       1.7692
370  0.9951       0.0172   0.8904       1.7292
371  0.9969       0.0093   0.8840       1.7642
372  0.9954       0.0135   0.8843       1.7809
373  0.9921       0.0361   0.8855       1.7539
374  0.9966       0.0106   0.8818       1.8192
375  0.9944       0.0173   0.8816       1.8755
376  0.9940       0.0193   0.8885       1.7384
377  0.9973       0.0096   0.8873       1.7786
378  0.9965       0.0130   0.8841       1.7725
379  0.9958       0.0141   0.8869       1.7677
380  0.9973       0.0083   0.8831       1.8325
381  0.9958       0.0129   0.8887       1.7647
382  0.9957       0.0148   0.8858       1.7394
383  0.9961       0.0118   0.8877       1.7584
384  0.9973       0.0095   0.8835       1.8117
385  0.9976       0.0080   0.8870       1.8013
386  0.9962       0.0127   0.8889       1.7899
387  0.9969       0.0104   0.8860       1.8119
388  0.9960       0.0128   0.8806       1.8715
389  0.9944       0.0163   0.8865       1.8462
390  0.9957       0.0121   0.8830       1.8331
391  0.9965       0.0111   0.8857       1.7801
392  0.9958       0.0143   0.8780       2.0378
393  0.9949       0.0158   0.8811       1.8179
394  0.9958       0.0136   0.8890       1.8040
395  0.9936       0.0241   0.8867       1.9151
396  0.9968       0.0109   0.8845       1.8584
397  0.9943       0.0182   0.8852       1.8655
398  0.9955       0.0146   0.8860       1.7893
399  0.9948       0.0160   0.8899       1.7706
400  0.9953       0.0160   0.8849       1.8760
