epoch accuracy  loss     val_acc	 val_loss
1     0.1800    2.2893   0.2265      2.0070
2     0.3238    1.8186   0.4438      1.4468
3     0.4771    1.3748   0.5692      1.2199
4     0.5840    1.1697   0.6103      1.0703
5     0.6276    1.0323   0.6360      0.9750
6     0.6517    0.9381   0.6553      0.9118
7     0.6649    0.8886   0.6701      0.8672
8     0.6828    0.8384   0.6862      0.8329
9     0.7011    0.8029   0.6973      0.8059
10    0.7113    0.7812   0.7076      0.7831
11    0.7194    0.7609   0.7149      0.7632
12    0.7247    0.7423   0.7241      0.7467
13    0.7334    0.7263   0.7312      0.7315
14    0.7396    0.7116   0.7381      0.7183
15    0.7461    0.6961   0.7400      0.7070
16    0.7492    0.6906   0.7466      0.6959
17    0.7568    0.6753   0.7502      0.6858
18    0.7575    0.6651   0.7529      0.6772
19    0.7632    0.6494   0.7569      0.6688
20    0.7658    0.6504   0.7593      0.6611
21    0.7731    0.6308   0.7602      0.6542
22    0.7708    0.6298   0.7653      0.6476
23    0.7692    0.6339   0.7671      0.6416
24    0.7753    0.6219   0.7681      0.6361
25    0.7798    0.6135   0.7692      0.6310
26    0.7810    0.6118   0.7703      0.6261
27    0.7830    0.6014   0.7726      0.6216
28    0.7835    0.6012   0.7737      0.6173
29    0.7874    0.5940   0.7766      0.6135
30    0.7878    0.5897   0.7788      0.6096
31    0.7926    0.5812   0.7803      0.6060
32    0.7925    0.5815   0.7820      0.6028
33    0.7921    0.5838   0.7841      0.5995
34    0.7959    0.5734   0.7854      0.5964
35    0.7926    0.5777   0.7867      0.5935
36    0.7984    0.5704   0.7873      0.5910
37    0.7971    0.5689   0.7885      0.5882
38    0.7998    0.5604   0.7897      0.5857
39    0.7994    0.5655   0.7907      0.5836
40    0.8018    0.5612   0.7917      0.5811
41    0.8008    0.5586   0.7944      0.5787
42    0.8052    0.5497   0.7942      0.5767
43    0.8044    0.5510   0.7954      0.5747
44    0.8057    0.5523   0.7965      0.5727
45    0.8093    0.5423   0.7983      0.5707
46    0.8060    0.5483   0.7988      0.5688
47    0.8097    0.5442   0.7989      0.5669
48    0.8079    0.5471   0.8001      0.5653
49    0.8086    0.5450   0.8011      0.5637
50    0.8108    0.5435   0.8010      0.5620
51    0.8139    0.5355   0.8016      0.5604
52    0.8149    0.5335   0.8032      0.5589
53    0.8135    0.5345   0.8029      0.5572
54    0.8141    0.5295   0.8036      0.5558
55    0.8108    0.5351   0.8043      0.5544
56    0.8129    0.5332   0.8060      0.5534
57    0.8157    0.5250   0.8053      0.5518
58    0.8167    0.5240   0.8068      0.5504
59    0.8163    0.5257   0.8073      0.5491
60    0.8163    0.5265   0.8078      0.5481
61    0.8162    0.5237   0.8084      0.5467
62    0.8174    0.5190   0.8079      0.5454
63    0.8213    0.5162   0.8088      0.5443
64    0.8198    0.5182   0.8095      0.5433
65    0.8211    0.5156   0.8100      0.5420
66    0.8197    0.5176   0.8098      0.5410
67    0.8206    0.5169   0.8107      0.5399
68    0.8215    0.5117   0.8107      0.5387
69    0.8223    0.5130   0.8110      0.5377
70    0.8234    0.5085   0.8110      0.5366
71    0.8224    0.5141   0.8121      0.5358
72    0.8212    0.5100   0.8127      0.5348
73    0.8255    0.5043   0.8136      0.5338
74    0.8251    0.5091   0.8138      0.5328
75    0.8248    0.5067   0.8146      0.5319
76    0.8240    0.5048   0.8137      0.5311
77    0.8263    0.5008   0.8144      0.5303
78    0.8264    0.5017   0.8146      0.5294
79    0.8274    0.4993   0.8148      0.5284
80    0.8279    0.4975   0.8158      0.5275
81    0.8247    0.5057   0.8157      0.5268
82    0.8288    0.4934   0.8167      0.5258
83    0.8272    0.4957   0.8164      0.5252
84    0.8277    0.5013   0.8169      0.5241
85    0.8257    0.5005   0.8169      0.5235
86    0.8306    0.4940   0.8171      0.5225
87    0.8289    0.4930   0.8178      0.5218
88    0.8302    0.4938   0.8178      0.5210
89    0.8318    0.4916   0.8189      0.5202
90    0.8306    0.4922   0.8186      0.5194
91    0.8309    0.4878   0.8194      0.5186
92    0.8293    0.4956   0.8193      0.5179
93    0.8287    0.4941   0.8199      0.5172
94    0.8320    0.4878   0.8189      0.5164
95    0.8326    0.4905   0.8192      0.5157
96    0.8329    0.4849   0.8198      0.5150
97    0.8344    0.4809   0.8205      0.5143
98    0.8316    0.4933   0.8201      0.5135
99    0.8330    0.4877   0.8205      0.5129
100   0.8327    0.4863   0.8209      0.5123
101   0.8331    0.4845   0.8207      0.5116
102   0.8343    0.4884   0.8209      0.5109
103   0.8333    0.4812   0.8212      0.5103
104   0.8349    0.4793   0.8222      0.5096
105   0.8334    0.4855   0.8218      0.5091
106   0.8357    0.4797   0.8226      0.5085
107   0.8364    0.4770   0.8226      0.5080
108   0.8376    0.4748   0.8229      0.5073
109   0.8361    0.4781   0.8227      0.5067
110   0.8380    0.4703   0.8240      0.5061
111   0.8372    0.4744   0.8238      0.5055
112   0.8361    0.4780   0.8230      0.5051
113   0.8373    0.4725   0.8236      0.5043
114   0.8366    0.4789   0.8243      0.5039
115   0.8377    0.4716   0.8238      0.5033
116   0.8380    0.4738   0.8236      0.5028
117   0.8365    0.4743   0.8241      0.5024
118   0.8406    0.4686   0.8238      0.5019
119   0.8381    0.4719   0.8247      0.5012
120   0.8393    0.4644   0.8253      0.5008
121   0.8407    0.4681   0.8249      0.5004
122   0.8375    0.4712   0.8254      0.4998
123   0.8392    0.4705   0.8254      0.4994
124   0.8374    0.4706   0.8252      0.4988
125   0.8372    0.4751   0.8252      0.4985
126   0.8396    0.4656   0.8259      0.4980
127   0.8415    0.4653   0.8261      0.4975
128   0.8408    0.4661   0.8260      0.4972
129   0.8396    0.4667   0.8261      0.4967
130   0.8403    0.4669   0.8263      0.4962
131   0.8394    0.4692   0.8262      0.4958
132   0.8413    0.4621   0.8265      0.4953
133   0.8406    0.4628   0.8267      0.4949
134   0.8408    0.4671   0.8266      0.4944
135   0.8403    0.4657   0.8279      0.4941
136   0.8409    0.4653   0.8278      0.4936
137   0.8412    0.4674   0.8272      0.4932
138   0.8414    0.4646   0.8275      0.4929
139   0.8430    0.4587   0.8281      0.4925
140   0.8434    0.4607   0.8278      0.4922
141   0.8416    0.4630   0.8279      0.4918
142   0.8422    0.4632   0.8278      0.4914
143   0.8419    0.4564   0.8279      0.4909
144   0.8426    0.4565   0.8288      0.4908
145   0.8439    0.4535   0.8291      0.4902
146   0.8428    0.4608   0.8289      0.4899
147   0.8421    0.4589   0.8288      0.4895
148   0.8450    0.4506   0.8287      0.4893
149   0.8428    0.4557   0.8289      0.4890
150   0.8452    0.4538   0.8291      0.4886
151   0.8435    0.4590   0.8301      0.4883
152   0.8465    0.4534   0.8299      0.4879
153   0.8429    0.4578   0.8295      0.4875
154   0.8475    0.4458   0.8301      0.4872
155   0.8438    0.4504   0.8289      0.4869
156   0.8462    0.4508   0.8300      0.4866
157   0.8444    0.4527   0.8309      0.4864
158   0.8429    0.4568   0.8292      0.4859
159   0.8439    0.4547   0.8304      0.4857
160   0.8465    0.4547   0.8297      0.4853
161   0.8431    0.4508   0.8301      0.4851
162   0.8439    0.4553   0.8302      0.4847
163   0.8452    0.4484   0.8297      0.4845
164   0.8477    0.4523   0.8304      0.4842
165   0.8450    0.4500   0.8305      0.4839
166   0.8454    0.4496   0.8313      0.4836
167   0.8472    0.4474   0.8307      0.4833
168   0.8452    0.4489   0.8313      0.4831
169   0.8459    0.4489   0.8314      0.4830
170   0.8469    0.4494   0.8309      0.4825
171   0.8474    0.4462   0.8315      0.4822
172   0.8452    0.4464   0.8309      0.4820
173   0.8455    0.4506   0.8322      0.4819
174   0.8477    0.4418   0.8316      0.4815
175   0.8455    0.4479   0.8324      0.4812
176   0.8453    0.4496   0.8321      0.4809
177   0.8472    0.4479   0.8320      0.4807
178   0.8469    0.4463   0.8319      0.4805
179   0.8464    0.4492   0.8317      0.4801
180   0.8458    0.4492   0.8315      0.4798
181   0.8440    0.4482   0.8317      0.4797
182   0.8471    0.4477   0.8322      0.4794
183   0.8435    0.4494   0.8325      0.4792
184   0.8447    0.4484   0.8318      0.4789
185   0.8492    0.4455   0.8328      0.4787
186   0.8470    0.4460   0.8329      0.4784
187   0.8503    0.4401   0.8332      0.4782
188   0.8472    0.4451   0.8329      0.4780
189   0.8476    0.4485   0.8328      0.4778
190   0.8470    0.4461   0.8329      0.4775
191   0.8478    0.4427   0.8330      0.4773
192   0.8485    0.4397   0.8330      0.4771
193   0.8489    0.4364   0.8328      0.4769
194   0.8461    0.4415   0.8328      0.4766
195   0.8481    0.4429   0.8335      0.4766
196   0.8458    0.4426   0.8329      0.4762
197   0.8483    0.4433   0.8334      0.4760
198   0.8475    0.4456   0.8330      0.4759
199   0.8480    0.4424   0.8331      0.4756
200   0.8489    0.4361   0.8338      0.4754
201   0.8457    0.4485   0.8335      0.4752
202   0.8480    0.4436   0.8338      0.4750
203   0.8480    0.4432   0.8342      0.4747
204   0.8492    0.4365   0.8338      0.4746
205   0.8469    0.4457   0.8333      0.4744
206   0.8515    0.4334   0.8335      0.4742
207   0.8473    0.4444   0.8338      0.4739
208   0.8494    0.4370   0.8338      0.4738
209   0.8500    0.4363   0.8342      0.4736
210   0.8469    0.4450   0.8342      0.4734
211   0.8464    0.4440   0.8332      0.4732
212   0.8494    0.4424   0.8342      0.4730
213   0.8501    0.4402   0.8340      0.4728
214   0.8504    0.4369   0.8342      0.4728
215   0.8508    0.4364   0.8343      0.4726
216   0.8514    0.4338   0.8337      0.4723
217   0.8499    0.4381   0.8343      0.4721
218   0.8489    0.4349   0.8346      0.4719
219   0.8526    0.4316   0.8350      0.4718
220   0.8509    0.4339   0.8343      0.4716
221   0.8496    0.4349   0.8342      0.4715
222   0.8494    0.4367   0.8346      0.4712
223   0.8507    0.4323   0.8345      0.4711
224   0.8522    0.4324   0.8345      0.4708
225   0.8491    0.4383   0.8348      0.4707
226   0.8530    0.4288   0.8349      0.4705
227   0.8503    0.4363   0.8349      0.4703
228   0.8516    0.4315   0.8354      0.4702
229   0.8506    0.4375   0.8359      0.4701
230   0.8510    0.4345   0.8358      0.4700
231   0.8512    0.4322   0.8350      0.4697
232   0.8495    0.4382   0.8352      0.4695
233   0.8507    0.4331   0.8358      0.4694
234   0.8521    0.4323   0.8358      0.4693
235   0.8533    0.4303   0.8358      0.4690
236   0.8508    0.4326   0.8353      0.4688
237   0.8512    0.4338   0.8363      0.4687
238   0.8510    0.4354   0.8352      0.4685
239   0.8512    0.4320   0.8360      0.4684
240   0.8504    0.4323   0.8356      0.4683
241   0.8508    0.4329   0.8365      0.4681
242   0.8523    0.4365   0.8360      0.4680
243   0.8502    0.4359   0.8362      0.4678
244   0.8524    0.4298   0.8362      0.4676
245   0.8516    0.4322   0.8360      0.4675
246   0.8503    0.4364   0.8368      0.4673
247   0.8506    0.4353   0.8364      0.4672
248   0.8540    0.4297   0.8362      0.4670
249   0.8499    0.4335   0.8365      0.4669
250   0.8494    0.4398   0.8367      0.4668
251   0.8537    0.4279   0.8367      0.4666
252   0.8499    0.4347   0.8372      0.4665
253   0.8516    0.4259   0.8373      0.4664
254   0.8532    0.4280   0.8363      0.4662
255   0.8530    0.4314   0.8375      0.4660
256   0.8533    0.4303   0.8371      0.4659
257   0.8522    0.4302   0.8368      0.4658
258   0.8495    0.4329   0.8380      0.4657
259   0.8507    0.4318   0.8369      0.4655
260   0.8521    0.4295   0.8368      0.4654
261   0.8523    0.4313   0.8377      0.4653
262   0.8541    0.4226   0.8380      0.4651
263   0.8536    0.4288   0.8376      0.4649
264   0.8528    0.4295   0.8379      0.4649
265   0.8534    0.4274   0.8371      0.4648
266   0.8555    0.4244   0.8374      0.4645
267   0.8544    0.4251   0.8379      0.4644
268   0.8555    0.4243   0.8382      0.4643
269   0.8554    0.4286   0.8374      0.4642
270   0.8530    0.4263   0.8382      0.4641
271   0.8524    0.4336   0.8375      0.4639
272   0.8549    0.4259   0.8376      0.4638
273   0.8528    0.4256   0.8382      0.4637
274   0.8515    0.4335   0.8382      0.4635
275   0.8548    0.4218   0.8376      0.4634
276   0.8535    0.4285   0.8381      0.4633
277   0.8522    0.4304   0.8380      0.4631
278   0.8525    0.4327   0.8383      0.4630
279   0.8527    0.4284   0.8376      0.4629
280   0.8528    0.4267   0.8385      0.4628
281   0.8537    0.4251   0.8380      0.4626
282   0.8550    0.4220   0.8388      0.4625
283   0.8544    0.4253   0.8384      0.4625
284   0.8538    0.4290   0.8388      0.4623
285   0.8555    0.4254   0.8386      0.4622
286   0.8536    0.4270   0.8381      0.4620
287   0.8534    0.4258   0.8380      0.4619
288   0.8551    0.4219   0.8382      0.4618
289   0.8540    0.4265   0.8385      0.4617
290   0.8535    0.4278   0.8388      0.4616
291   0.8543    0.4273   0.8387      0.4616
292   0.8539    0.4246   0.8377      0.4613
293   0.8541    0.4210   0.8387      0.4613
294   0.8554    0.4262   0.8389      0.4612
295   0.8524    0.4310   0.8386      0.4610
296   0.8514    0.4287   0.8383      0.4609
297   0.8545    0.4244   0.8384      0.4609
298   0.8556    0.4224   0.8383      0.4607
299   0.8552    0.4227   0.8387      0.4606
300   0.8546    0.4301   0.8386      0.4605
301   0.8566    0.4198   0.8392      0.4604
302   0.8532    0.4239   0.8383      0.4603
303   0.8556    0.4241   0.8388      0.4603
304   0.8556    0.4198   0.8394      0.4600
305   0.8555    0.4263   0.8383      0.4599
306   0.8546    0.4243   0.8393      0.4598
307   0.8555    0.4232   0.8387      0.4597
308   0.8528    0.4264   0.8393      0.4597
309   0.8553    0.4204   0.8393      0.4595
310   0.8560    0.4225   0.8391      0.4593
311   0.8560    0.4194   0.8393      0.4593
312   0.8560    0.4146   0.8395      0.4592
313   0.8547    0.4236   0.8389      0.4591
314   0.8569    0.4186   0.8395      0.4590
315   0.8544    0.4254   0.8387      0.4588
316   0.8578    0.4173   0.8386      0.4588
317   0.8553    0.4188   0.8392      0.4587
318   0.8555    0.4246   0.8387      0.4586
319   0.8577    0.4207   0.8387      0.4585
320   0.8551    0.4204   0.8389      0.4584
321   0.8586    0.4173   0.8396      0.4583
322   0.8552    0.4210   0.8391      0.4582
323   0.8572    0.4161   0.8391      0.4581
324   0.8569    0.4201   0.8395      0.4580
325   0.8561    0.4218   0.8390      0.4579
326   0.8524    0.4238   0.8395      0.4578
327   0.8542    0.4253   0.8402      0.4577
328   0.8565    0.4208   0.8392      0.4576
329   0.8560    0.4185   0.8387      0.4575
330   0.8561    0.4182   0.8391      0.4574
331   0.8555    0.4202   0.8387      0.4573
332   0.8561    0.4196   0.8388      0.4572
333   0.8562    0.4182   0.8386      0.4571
334   0.8546    0.4187   0.8392      0.4571
335   0.8571    0.4195   0.8400      0.4570
336   0.8549    0.4240   0.8390      0.4569
337   0.8545    0.4257   0.8395      0.4568
338   0.8562    0.4194   0.8395      0.4567
339   0.8537    0.4256   0.8396      0.4566
340   0.8562    0.4189   0.8390      0.4564
341   0.8557    0.4172   0.8393      0.4564
342   0.8552    0.4181   0.8401      0.4564
343   0.8565    0.4192   0.8394      0.4562
344   0.8584    0.4161   0.8401      0.4563
345   0.8554    0.4180   0.8397      0.4561
346   0.8527    0.4227   0.8397      0.4560
347   0.8567    0.4172   0.8392      0.4559
348   0.8574    0.4176   0.8401      0.4558
349   0.8592    0.4151   0.8402      0.4558
350   0.8563    0.4217   0.8402      0.4557
351   0.8559    0.4209   0.8399      0.4556
352   0.8597    0.4101   0.8390      0.4555
353   0.8570    0.4190   0.8395      0.4554
354   0.8554    0.4219   0.8401      0.4553
355   0.8567    0.4195   0.8402      0.4552
356   0.8552    0.4210   0.8404      0.4551
357   0.8543    0.4242   0.8396      0.4550
358   0.8560    0.4198   0.8401      0.4550
359   0.8552    0.4198   0.8405      0.4549
360   0.8575    0.4140   0.8401      0.4548
361   0.8550    0.4210   0.8400      0.4548
362   0.8550    0.4222   0.8401      0.4547
363   0.8546    0.4167   0.8398      0.4546
364   0.8541    0.4235   0.8401      0.4545
365   0.8559    0.4150   0.8399      0.4544
366   0.8553    0.4176   0.8402      0.4544
367   0.8578    0.4171   0.8400      0.4542
368   0.8573    0.4160   0.8398      0.4541
369   0.8577    0.4130   0.8401      0.4541
370   0.8549    0.4211   0.8397      0.4539
371   0.8553    0.4223   0.8407      0.4539
372   0.8572    0.4167   0.8403      0.4539
373   0.8597    0.4119   0.8399      0.4537
374   0.8575    0.4198   0.8404      0.4537
375   0.8558    0.4156   0.8409      0.4536
376   0.8574    0.4164   0.8407      0.4535
377   0.8595    0.4103   0.8406      0.4534
378   0.8566    0.4132   0.8403      0.4533
379   0.8568    0.4146   0.8399      0.4533
380   0.8566    0.4177   0.8405      0.4532
381   0.8576    0.4147   0.8409      0.4532
382   0.8568    0.4158   0.8404      0.4531
383   0.8547    0.4197   0.8402      0.4530
384   0.8570    0.4126   0.8399      0.4529
385   0.8559    0.4195   0.8408      0.4528
386   0.8584    0.4135   0.8402      0.4527
387   0.8571    0.4155   0.8410      0.4527
388   0.8565    0.4199   0.8404      0.4526
389   0.8564    0.4195   0.8407      0.4526
390   0.8575    0.4160   0.8408      0.4525
391   0.8577    0.4175   0.8412      0.4524
392   0.8579    0.4164   0.8409      0.4523
393   0.8600    0.4090   0.8408      0.4522
394   0.8560    0.4141   0.8407      0.4522
395   0.8599    0.4125   0.8401      0.4521
396   0.8594    0.4107   0.8403      0.4521
397   0.8568    0.4137   0.8399      0.4519
398   0.8578    0.4103   0.8405      0.4519
399   0.8583    0.4141   0.8408      0.4518
400   0.8583    0.4127   0.8408      0.4517