epoch	   accuracy  loss       val_accuracy      val_loss
1          0.7601    0.7156     0.8373            0.4640
2          0.8546    0.4226     0.8442            0.4389
3          0.8636    0.3850     0.8525            0.4215
4          0.8758    0.3593     0.8619            0.3955
5          0.8809    0.3398     0.8624            0.3874
6          0.8801    0.3298     0.8562            0.3916
7          0.8889    0.3139     0.8725            0.3598
8          0.8900    0.3046     0.8694            0.3657
9          0.8948    0.2900     0.8769            0.3495
10         0.8982    0.2869     0.8777            0.3401
11         0.8977    0.2792     0.8789            0.3359
12         0.9011    0.2733     0.8786            0.3378
13         0.9023    0.2681     0.8793            0.3406
14         0.9057    0.2617     0.8811            0.3330
15         0.9096    0.2546     0.8823            0.3276
16         0.9106    0.2473     0.8855            0.3286
17         0.9122    0.2416     0.8803            0.3377
18         0.9139    0.2374     0.8837            0.3246
19         0.9153    0.2304     0.8815            0.3336
20         0.9200    0.2268     0.8850            0.3266
21         0.9194    0.2236     0.8799            0.3352
22         0.9208    0.2237     0.8878            0.3236
23         0.9225    0.2151     0.8870            0.3194
24         0.9248    0.2110     0.8878            0.3203
25         0.9260    0.2069     0.8850            0.3201
26         0.9260    0.2057     0.8887            0.3191
27         0.9275    0.2055     0.8903            0.3206
28         0.9296    0.1960     0.8881            0.3245
29         0.9312    0.1933     0.8899            0.3252
30         0.9313    0.1920     0.8919            0.3239
31         0.9328    0.1908     0.8919            0.3153
32         0.9338    0.1863     0.8909            0.3192
33         0.9344    0.1857     0.8902            0.3221
34         0.9374    0.1798     0.8884            0.3258
35         0.9365    0.1810     0.8887            0.3214
36         0.9377    0.1782     0.8906            0.3210
37         0.9390    0.1710     0.8886            0.3275
38         0.9401    0.1697     0.8897            0.3266
39         0.9402    0.1715     0.8941            0.3191
40         0.9435    0.1624     0.8919            0.3264
41         0.9442    0.1584     0.8920            0.3193
42         0.9446    0.1590     0.8903            0.3294
43         0.9462    0.1564     0.8913            0.3244
44         0.9465    0.1532     0.8923            0.3291
45         0.9451    0.1547     0.8913            0.3279
46         0.9464    0.1535     0.8897            0.3334
47         0.9475    0.1502     0.8887            0.3312
48         0.9496    0.1463     0.8916            0.3262
49         0.9499    0.1437     0.8925            0.3315
50         0.9510    0.1421     0.8925            0.3319
51         0.9498    0.1438     0.8891            0.3423
52         0.9518    0.1396     0.8932            0.3366
53         0.9518    0.1373     0.8929            0.3297
54         0.9531    0.1346     0.8941            0.3282
55         0.9550    0.1304     0.8904            0.3419
56         0.9551    0.1316     0.8917            0.3421
57         0.9551    0.1312     0.8904            0.3425
58         0.9565    0.1264     0.8915            0.3439
59         0.9578    0.1244     0.8925            0.3503
60         0.9553    0.1261     0.8865            0.3618
61         0.9574    0.1258     0.8891            0.3422
62         0.9575    0.1236     0.8896            0.3487
63         0.9600    0.1176     0.8903            0.3476
64         0.9608    0.1165     0.8908            0.3497
65         0.9604    0.1153     0.8883            0.3548
66         0.9596    0.1168     0.8912            0.3528
67         0.9614    0.1140     0.8940            0.3544
68         0.9624    0.1104     0.8900            0.3570
69         0.9627    0.1118     0.8893            0.3577
70         0.9627    0.1095     0.8903            0.3595
71         0.9638    0.1073     0.8905            0.3631
72         0.9648    0.1050     0.8933            0.3555
73         0.9648    0.1055     0.8941            0.3516
74         0.9640    0.1062     0.8934            0.3539
75         0.9674    0.0996     0.8933            0.3633
76         0.9672    0.0970     0.8928            0.3578
77         0.9658    0.0997     0.8917            0.3642
78         0.9675    0.0979     0.8963            0.3615
79         0.9672    0.0957     0.8916            0.3637
80         0.9689    0.0929     0.8907            0.3643
81         0.9679    0.0923     0.8935            0.3709
82         0.9682    0.0942     0.8867            0.3976
83         0.9694    0.0906     0.8923            0.3704
84         0.9685    0.0938     0.8916            0.3800
85         0.9709    0.0876     0.8931            0.3782
86         0.9703    0.0891     0.8899            0.3909
87         0.9714    0.0872     0.8931            0.3763
88         0.9709    0.0867     0.8910            0.3791
89         0.9727    0.0830     0.8904            0.3812
90         0.9727    0.0819     0.8913            0.3805
91         0.9732    0.0815     0.8902            0.3922
92         0.9721    0.0844     0.8898            0.3963
93         0.9717    0.0819     0.8927            0.3874
94         0.9747    0.0784     0.8899            0.3930
95         0.9733    0.0816     0.8862            0.4073
96         0.9737    0.0797     0.8911            0.3942
97         0.9748    0.0755     0.8872            0.4032
98         0.9766    0.0728     0.8926            0.3942
99         0.9763    0.0744     0.8914            0.3972
100        0.9763    0.0732     0.8856            0.4215
101        0.9751    0.0757     0.8914            0.4090
102        0.9760    0.0755     0.8888            0.4085
103        0.9757    0.0720     0.8883            0.4245
104        0.9766    0.0702     0.8883            0.4136
105        0.9773    0.0676     0.8883            0.4183
106        0.9775    0.0686     0.8897            0.4204
107        0.9798    0.0647     0.8936            0.4142
108        0.9782    0.0676     0.8902            0.4178
109        0.9795    0.0654     0.8906            0.4118
110        0.9807    0.0629     0.8887            0.4307
111        0.9785    0.0660     0.8846            0.4365
112        0.9795    0.0632     0.8878            0.4346
113        0.9793    0.0643     0.8874            0.4249
114        0.9798    0.0622     0.8895            0.4276
115        0.9805    0.0608     0.8883            0.4313
116        0.9811    0.0614     0.8877            0.4359
117        0.9815    0.0591     0.8879            0.4431
118        0.9822    0.0572     0.8879            0.4394
119        0.9822    0.0570     0.8879            0.4422
120        0.9825    0.0571     0.8868            0.4406
121        0.9835    0.0545     0.8887            0.4480
122        0.9833    0.0546     0.8879            0.4517
123        0.9837    0.0523     0.8872            0.4632
124        0.9831    0.0554     0.8920            0.4492
125        0.9843    0.0526     0.8907            0.4483
126        0.9831    0.0536     0.8920            0.4588
127        0.9828    0.0527     0.8911            0.4499
128        0.9842    0.0506     0.8875            0.4550
129        0.9841    0.0515     0.8904            0.4622
130        0.9848    0.0491     0.8887            0.4607
131        0.9840    0.0495     0.8892            0.4694
132        0.9847    0.0492     0.8904            0.4636
133        0.9851    0.0485     0.8908            0.4636
134        0.9854    0.0464     0.8885            0.4691
135        0.9853    0.0478     0.8912            0.4656
136        0.9858    0.0463     0.8906            0.4863
137        0.9856    0.0466     0.8915            0.4745
138        0.9867    0.0443     0.8876            0.4774
139        0.9876    0.0423     0.8839            0.4943
140        0.9858    0.0475     0.8892            0.4806
141        0.9860    0.0447     0.8892            0.4843
142        0.9870    0.0440     0.8896            0.4842
143        0.9871    0.0427     0.8877            0.4931
144        0.9870    0.0431     0.8877            0.4908
145        0.9880    0.0400     0.8888            0.4877
146        0.9887    0.0393     0.8867            0.4960
147        0.9877    0.0410     0.8907            0.4972
148        0.9883    0.0393     0.8823            0.5107
149        0.9892    0.0379     0.8867            0.5012
150        0.9904    0.0358     0.8881            0.5053
151        0.9887    0.0385     0.8851            0.5211
152        0.9905    0.0353     0.8890            0.5054
153        0.9903    0.0357     0.8869            0.5104
154        0.9898    0.0359     0.8874            0.5093
155        0.9905    0.0344     0.8878            0.5147
156        0.9908    0.0344     0.8884            0.5255
157        0.9907    0.0341     0.8891            0.5178
158        0.9901    0.0344     0.8863            0.5214
159        0.9889    0.0350     0.8892            0.5118
160        0.9899    0.0344     0.8880            0.5186
161        0.9914    0.0312     0.8882            0.5201
162        0.9911    0.0321     0.8882            0.5297
163        0.9899    0.0336     0.8879            0.5346
164        0.9909    0.0323     0.8840            0.5446
165        0.9903    0.0326     0.8877            0.5393
166        0.9910    0.0317     0.8910            0.5384
167        0.9905    0.0334     0.8868            0.5362
168        0.9915    0.0302     0.8895            0.5447
169        0.9914    0.0303     0.8874            0.5411
170        0.9922    0.0297     0.8868            0.5461
171        0.9924    0.0286     0.8848            0.5413
172        0.9925    0.0285     0.8866            0.5618
173        0.9924    0.0286     0.8836            0.5674
174        0.9914    0.0299     0.8870            0.5509
175        0.9921    0.0280     0.8880            0.5620
176        0.9918    0.0293     0.8891            0.5431
177        0.9922    0.0277     0.8879            0.5597
178        0.9924    0.0276     0.8883            0.5640
179        0.9921    0.0273     0.8866            0.5669
180        0.9928    0.0272     0.8866            0.5708
181        0.9938    0.0248     0.8851            0.5753
182        0.9939    0.0244     0.8877            0.5629
183        0.9931    0.0254     0.8865            0.5684
184        0.9934    0.0249     0.8879            0.5706
185        0.9937    0.0236     0.8856            0.5743
186        0.9937    0.0233     0.8876            0.5753
187        0.9942    0.0228     0.8860            0.5858
188        0.9942    0.0234     0.8857            0.5844
189        0.9946    0.0219     0.8867            0.5783
190        0.9938    0.0231     0.8846            0.6112
191        0.9935    0.0237     0.8870            0.5905
192        0.9951    0.0216     0.8841            0.5981
193        0.9947    0.0225     0.8853            0.5942
194        0.9951    0.0203     0.8889            0.5913
195        0.9947    0.0222     0.8858            0.5979
196        0.9940    0.0219     0.8874            0.5985
197        0.9945    0.0215     0.8878            0.5992
198        0.9952    0.0206     0.8874            0.6049
199        0.9949    0.0200     0.8865            0.6108
200        0.9946    0.0208     0.8855            0.6141
201        0.9952    0.0194     0.8863            0.6091
202        0.9951    0.0196     0.8859            0.6218
203        0.9958    0.0183     0.8878            0.6148
204        0.9953    0.0182     0.8864            0.6194
205        0.9957    0.0181     0.8827            0.6448
206        0.9952    0.0193     0.8866            0.6251
207        0.9961    0.0167     0.8848            0.6269
208        0.9950    0.0195     0.8839            0.6343
209        0.9957    0.0183     0.8854            0.6257
210        0.9955    0.0180     0.8870            0.6190
211        0.9958    0.0170     0.8843            0.6335
212        0.9963    0.0164     0.8825            0.6488
213        0.9963    0.0165     0.8875            0.6361
214        0.9953    0.0174     0.8858            0.6370
215        0.9971    0.0154     0.8872            0.6373
216        0.9961    0.0162     0.8870            0.6378
217        0.9963    0.0153     0.8886            0.6318
218        0.9966    0.0156     0.8876            0.6444
219        0.9958    0.0166     0.8842            0.6746
220        0.9962    0.0168     0.8874            0.6460
221        0.9963    0.0156     0.8877            0.6440
222        0.9958    0.0153     0.8853            0.6486
223        0.9957    0.0159     0.8875            0.6553
224        0.9968    0.0144     0.8848            0.6655
225        0.9965    0.0141     0.8844            0.6595
226        0.9964    0.0147     0.8860            0.6631
227        0.9968    0.0153     0.8861            0.6607
228        0.9970    0.0131     0.8871            0.6611
229        0.9970    0.0138     0.8857            0.6690
230        0.9972    0.0130     0.8845            0.6821
231        0.9970    0.0133     0.8851            0.6711
232        0.9972    0.0129     0.8856            0.6706
233        0.9972    0.0130     0.8838            0.6814
234        0.9969    0.0125     0.8849            0.6771
235        0.9978    0.0121     0.8863            0.6791
236        0.9972    0.0130     0.8865            0.6722
237        0.9974    0.0124     0.8862            0.6792
238        0.9974    0.0129     0.8839            0.6841
239        0.9975    0.0126     0.8837            0.7036
240        0.9977    0.0117     0.8831            0.7017
241        0.9977    0.0115     0.8840            0.7021
242        0.9984    0.0106     0.8854            0.6855
243        0.9979    0.0113     0.8840            0.6932
244        0.9981    0.0109     0.8844            0.7062
245        0.9974    0.0119     0.8859            0.7002
246        0.9981    0.0104     0.8848            0.7030
247        0.9982    0.0105     0.8860            0.7017
248        0.9977    0.0111     0.8849            0.7025
249        0.9981    0.0102     0.8859            0.7084
250        0.9979    0.0104     0.8834            0.7237
251        0.9978    0.0109     0.8846            0.7123
252        0.9978    0.0104     0.8875            0.7066
253        0.9978    0.0109     0.8845            0.7200
254        0.9984    0.0092     0.8833            0.7175
255        0.9984    0.0094     0.8870            0.7116
256        0.9981    0.0098     0.8847            0.7189
257        0.9984    0.0095     0.8876            0.7191
258        0.9985    0.0087     0.8844            0.7346
259        0.9988    0.0086     0.8871            0.7182
260        0.9988    0.0081     0.8829            0.7486
261        0.9983    0.0093     0.8836            0.7430
262        0.9984    0.0087     0.8838            0.7310
263        0.9986    0.0081     0.8835            0.7463
264        0.9983    0.0090     0.8841            0.7469
265        0.9985    0.0086     0.8857            0.7350
266        0.9987    0.0079     0.8864            0.7315
267        0.9988    0.0076     0.8878            0.7466
268        0.9986    0.0078     0.8858            0.7489
269        0.9986    0.0085     0.8862            0.7396
270        0.9988    0.0078     0.8839            0.7437
271        0.9986    0.0075     0.8852            0.7513
272        0.9984    0.0088     0.8858            0.7431
273        0.9991    0.0071     0.8862            0.7472
274        0.9984    0.0075     0.8857            0.7575
275        0.9985    0.0086     0.8852            0.7549
276        0.9991    0.0063     0.8856            0.7623
277        0.9990    0.0067     0.8841            0.7774
278        0.9986    0.0078     0.8854            0.7681
279        0.9982    0.0084     0.8847            0.7698
280        0.9991    0.0066     0.8836            0.7700
281        0.9988    0.0068     0.8835            0.7744
282        0.9991    0.0065     0.8857            0.7698
283        0.9993    0.0062     0.8855            0.7726
284        0.9993    0.0063     0.8850            0.7710
285        0.9986    0.0068     0.8851            0.7747
286        0.9990    0.0063     0.8856            0.7804
287        0.9994    0.0055     0.8843            0.7971
288        0.9991    0.0064     0.8869            0.7742
289        0.9995    0.0054     0.8803            0.7971
290        0.9988    0.0069     0.8855            0.7903
291        0.9992    0.0058     0.8839            0.7863
292        0.9992    0.0058     0.8843            0.7917
293        0.9993    0.0056     0.8836            0.8107
294        0.9986    0.0070     0.8861            0.7880
295        0.9992    0.0057     0.8843            0.7952
296        0.9993    0.0055     0.8851            0.8006
297        0.9993    0.0051     0.8838            0.8129
298        0.9993    0.0052     0.8848            0.7915
299        0.9996    0.0044     0.8860            0.7925
300        0.9989    0.0055     0.8853            0.8009
301        0.9993    0.0055     0.8807            0.8266
302        0.9990    0.0057     0.8850            0.8160
303        0.9993    0.0051     0.8828            0.8215
304        0.9994    0.0055     0.8843            0.8220
305        0.9989    0.0058     0.8833            0.8246
306        0.9996    0.0042     0.8847            0.8410
307        0.9993    0.0050     0.8859            0.8138
308        0.9991    0.0049     0.8826            0.8163
309        0.9996    0.0040     0.8867            0.8189
310        0.9993    0.0045     0.8849            0.8126
311        0.9995    0.0045     0.8813            0.8427
312        0.9992    0.0053     0.8845            0.8280
313        0.9996    0.0042     0.8845            0.8322
314        0.9994    0.0046     0.8846            0.8309
315        0.9994    0.0047     0.8850            0.8414
316        0.9993    0.0042     0.8845            0.8311
317        0.9995    0.0039     0.8849            0.8311
318        0.9995    0.0042     0.8848            0.8371
319        0.9994    0.0040     0.8858            0.8406
320        0.9997    0.0034     0.8829            0.8442
321        0.9996    0.0035     0.8845            0.8487
322        0.9996    0.0040     0.8838            0.8430
323        0.9997    0.0035     0.8859            0.8483
324        0.9997    0.0036     0.8831            0.8584
325        0.9995    0.0041     0.8869            0.8505
326        0.9998    0.0034     0.8831            0.8596
327        0.9997    0.0036     0.8854            0.8518
328        0.9998    0.0030     0.8859            0.8630
329        0.9995    0.0039     0.8859            0.8542
330        0.9999    0.0028     0.8848            0.8577
331        0.9998    0.0030     0.8831            0.8596
332        0.9998    0.0029     0.8853            0.8584
333        0.9998    0.0028     0.8852            0.8659
334        0.9999    0.0025     0.8838            0.8643
335        0.9998    0.0028     0.8847            0.8635
336        0.9995    0.0038     0.8834            0.8677
337        0.9998    0.0026     0.8865            0.8730
338        0.9997    0.0027     0.8806            0.8841
339        0.9997    0.0030     0.8830            0.8863
340        0.9997    0.0029     0.8860            0.8757
341        0.9998    0.0027     0.8819            0.9086
342        0.9997    0.0034     0.8850            0.8847
343        0.9996    0.0030     0.8830            0.8957
344        1.0000    0.0022     0.8832            0.8882
345        0.9997    0.0027     0.8843            0.8863
346        0.9999    0.0027     0.8843            0.8903
347        0.9998    0.0021     0.8869            0.8878
348        0.9999    0.0021     0.8847            0.8906
349        0.9999    0.0020     0.8843            0.8925
350        0.9998    0.0025     0.8851            0.9180
351        0.9999    0.0023     0.8845            0.8932
352        0.9997    0.0025     0.8845            0.8981
353        0.9997    0.0027     0.8837            0.9096
354        0.9999    0.0021     0.8852            0.9037
355        0.9998    0.0022     0.8854            0.9147
356        0.9998    0.0022     0.8851            0.9134
357        0.9998    0.0024     0.8828            0.9147
358        0.9997    0.0029     0.8813            0.9327
359        0.9996    0.0026     0.8837            0.9135
360        0.9998    0.0023     0.8856            0.9138
361        0.9997    0.0025     0.8830            0.9125
362        1.0000    0.0018     0.8854            0.9128
363        0.9999    0.0023     0.8838            0.9153
364        0.9999    0.0018     0.8845            0.9211
365        0.9997    0.0023     0.8841            0.9263
366        0.9999    0.0021     0.8859            0.9277
367        0.9998    0.0021     0.8839            0.9282
368        0.9999    0.0018     0.8837            0.9291
369        0.9998    0.0021     0.8835            0.9354
370        0.9998    0.0020     0.8821            0.9465
371        0.9996    0.0028     0.8843            0.9298
372        0.9999    0.0017     0.8834            0.9487
373        0.9996    0.0023     0.8837            0.9350
374        0.9998    0.0018     0.8817            0.9641
375        0.9999    0.0017     0.8839            0.9381
376        0.9998    0.0018     0.8849            0.9357
377        0.9999    0.0015     0.8812            0.9591
378        0.9998    0.0019     0.8848            0.9534
379        0.9996    0.0025     0.8860            0.9415
380        0.9999    0.0014     0.8843            0.9500
381        0.9999    0.0017     0.8843            0.9459
382        0.9999    0.0015     0.8837            0.9434
383        0.9999    0.0016     0.8824            0.9598
384        0.9997    0.0021     0.8833            0.9590
385        1.0000    0.0012     0.8847            0.9603
386        0.9999    0.0014     0.8842            0.9622
387        0.9996    0.0025     0.8850            0.9566
388        0.9997    0.0020     0.8847            0.9672
389        1.0000    0.0012     0.8819            0.9682
390        0.9997    0.0020     0.8832            0.9726
391        0.9999    0.0011     0.8834            0.9737
392        0.9999    0.0012     0.8841            0.9723
393        0.9998    0.0017     0.8847            0.9736
394        1.0000    9.6522e-04     0.8820            0.9745
395        0.9998    0.0022     0.8827            0.9792
396        0.9999    0.0014     0.8847            0.9791
397        0.9997    0.0016     0.8843            0.9765
398        0.9999    0.0011     0.8829            0.9822
399        0.9999    0.0015     0.8860            0.9801
400        0.9999    0.0015     0.8826            0.9894