epoch	accuracy  loss      val_accuracy  val_loss
1       0.7874    0.6221    0.8532      0.4200
2       0.8638    0.3811    0.8638      0.3807
3       0.8790    0.3383    0.8655      0.3760
4       0.8837    0.3186    0.8769      0.3532
5       0.8947    0.2871    0.8743      0.3502
6       0.8993    0.2759    0.8831      0.3383
7       0.9023    0.2642    0.8806      0.3365
8       0.9087    0.2498    0.8857      0.3304
9       0.9117    0.2368    0.8767      0.3616
10      0.9139    0.2313    0.8840      0.3409
11      0.9145    0.2315    0.8824      0.3475
12      0.9178    0.2234    0.8847      0.3428
13      0.9189    0.2129    0.8820      0.3483
14      0.9238    0.2041    0.8876      0.3270
15      0.9248    0.2001    0.8820      0.3560
16      0.9285    0.1910    0.8867      0.3456
17      0.9312    0.1845    0.8846      0.3610
18      0.9312    0.1833    0.8868      0.3491
19      0.9335    0.1796    0.8867      0.3572
20      0.9344    0.1732    0.8885      0.3542
21      0.9373    0.1679    0.8862      0.3651
22      0.9380    0.1676    0.8883      0.3768
23      0.9406    0.1621    0.8908      0.3677
24      0.9388    0.1592    0.8848      0.3826
25      0.9428    0.1557    0.8832      0.3880
26      0.9429    0.1530    0.8875      0.3852
27      0.9452    0.1478    0.8899      0.3850
28      0.9463    0.1440    0.8867      0.3965
29      0.9468    0.1432    0.8893      0.3832
30      0.9479    0.1394    0.8895      0.4074
31      0.9490    0.1352    0.8906      0.3864
32      0.9501    0.1367    0.8879      0.4200
33      0.9502    0.1312    0.8844      0.4318
34      0.9533    0.1258    0.8863      0.4229
35      0.9549    0.1232    0.8940      0.4250
36      0.9565    0.1170    0.8880      0.4371
37      0.9556    0.1196    0.8874      0.4362
38      0.9575    0.1143    0.8889      0.4479
39      0.9588    0.1116    0.8903      0.4500
40      0.9581    0.1107    0.8878      0.4583
41      0.9614    0.1046    0.8846      0.4765
42      0.9576    0.1080    0.8904      0.4480
43      0.9612    0.1058    0.8867      0.4610
44      0.9604    0.1056    0.8863      0.4655
45      0.9626    0.0999    0.8896      0.4815
46      0.9622    0.1002    0.8807      0.5328
47      0.9620    0.1026    0.8863      0.4830
48      0.9636    0.0968    0.8883      0.4750
49      0.9638    0.0967    0.8853      0.5121
50      0.9629    0.0970    0.8820      0.5324
51      0.9647    0.0925    0.8879      0.5154
52      0.9653    0.0919    0.8873      0.5342
53      0.9661    0.0879    0.8884      0.5200
54      0.9646    0.0916    0.8905      0.5266
55      0.9689    0.0854    0.8870      0.5271
56      0.9680    0.0866    0.8854      0.5401
57      0.9686    0.0826    0.8862      0.5471
58      0.9685    0.0839    0.8856      0.5902
59      0.9694    0.0826    0.8894      0.5357
60      0.9700    0.0805    0.8839      0.5897
61      0.9704    0.0784    0.8823      0.6011
62      0.9714    0.0771    0.8877      0.5755
63      0.9713    0.0766    0.8866      0.5804
64      0.9733    0.0711    0.8820      0.6028
65      0.9708    0.0786    0.8860      0.6140
66      0.9719    0.0727    0.8854      0.5985
67      0.9742    0.0719    0.8859      0.5955
68      0.9749    0.0688    0.8897      0.6388
69      0.9746    0.0686    0.8861      0.6232
70      0.9755    0.0653    0.8871      0.6496
71      0.9739    0.0686    0.8872      0.6528
72      0.9764    0.0639    0.8856      0.6573
73      0.9749    0.0668    0.8832      0.6741
74      0.9757    0.0676    0.8809      0.6767
75      0.9775    0.0634    0.8827      0.6396
76      0.9773    0.0617    0.8867      0.6708
77      0.9769    0.0632    0.8901      0.6569
78      0.9774    0.0624    0.8867      0.6760
79      0.9767    0.0631    0.8867      0.6635
80      0.9793    0.0586    0.8880      0.6846
81      0.9782    0.0573    0.8867      0.6830
82      0.9788    0.0596    0.8816      0.7247
83      0.9800    0.0553    0.8881      0.6870
84      0.9794    0.0556    0.8830      0.7408
85      0.9784    0.0576    0.8857      0.7201
86      0.9783    0.0581    0.8852      0.7617
87      0.9803    0.0544    0.8907      0.6916
88      0.9787    0.0558    0.8799      0.7750
89      0.9792    0.0553    0.8802      0.7214
90      0.9810    0.0529    0.8857      0.7214
91      0.9813    0.0510    0.8837      0.7401
92      0.9810    0.0522    0.8863      0.7484
93      0.9803    0.0536    0.8862      0.7888
94      0.9823    0.0487    0.8861      0.7662
95      0.9826    0.0491    0.8871      0.7834
96      0.9802    0.0540    0.8861      0.8071
97      0.9825    0.0469    0.8879      0.7759
98      0.9811    0.0503    0.8882      0.7944
99      0.9822    0.0476    0.8900      0.7715
100     0.9827    0.0471    0.8899      0.8122
101     0.9826    0.0482    0.8819      0.8141
102     0.9843    0.0431    0.8825      0.8153
103     0.9838    0.0453    0.8876      0.8070
104     0.9824    0.0471    0.8870      0.8156
105     0.9855    0.0406    0.8858      0.8248
106     0.9840    0.0439    0.8851      0.8383
107     0.9852    0.0420    0.8860      0.8356
108     0.9852    0.0403    0.8832      0.8239
109     0.9851    0.0412    0.8842      0.8441
110     0.9859    0.0391    0.8856      0.8218
111     0.9844    0.0429    0.8853      0.8648
112     0.9821    0.0489    0.8873      0.8659
113     0.9840    0.0422    0.8827      0.8727
114     0.9844    0.0435    0.8854      0.8989
115     0.9846    0.0420    0.8846      0.9023
116     0.9860    0.0399    0.8834      0.9049
117     0.9865    0.0376    0.8832      0.9281
118     0.9860    0.0393    0.8898      0.8886
119     0.9875    0.0356    0.8864      0.8920
120     0.9845    0.0418    0.8879      0.8741
121     0.9855    0.0397    0.8874      0.8954
122     0.9852    0.0392    0.8866      0.8808
123     0.9861    0.0395    0.8920      0.9068
124     0.9860    0.0380    0.8858      0.9205
125     0.9863    0.0365    0.8855      0.8919
126     0.9860    0.0388    0.8908      0.9182
127     0.9856    0.0380    0.8846      0.9491
128     0.9859    0.0386    0.8864      0.9138
129     0.9892    0.0310    0.8868      0.9231
130     0.9885    0.0332    0.8818      0.9599
131     0.9886    0.0334    0.8880      0.9343
132     0.9860    0.0380    0.8859      1.0054
133     0.9877    0.0336    0.8874      0.9649
134     0.9882    0.0314    0.8856      0.9680
135     0.9878    0.0329    0.8856      0.9443
136     0.9878    0.0346    0.8858      0.9552
137     0.9865    0.0347    0.8856      0.9736
138     0.9866    0.0389    0.8884      0.9986
139     0.9880    0.0324    0.8854      0.9903
140     0.9887    0.0321    0.8866      0.9895
141     0.9885    0.0321    0.8834      1.0730
142     0.9878    0.0341    0.8834      1.1133
143     0.9895    0.0293    0.8830      1.0291
144     0.9873    0.0350    0.8801      1.0629
145     0.9891    0.0306    0.8843      1.1039
146     0.9870    0.0362    0.8826      1.0167
147     0.9878    0.0339    0.8855      1.0631
148     0.9892    0.0319    0.8884      1.0030
149     0.9895    0.0274    0.8869      1.0331
150     0.9894    0.0302    0.8875      1.0328
151     0.9900    0.0290    0.8832      1.0589
152     0.9889    0.0317    0.8824      1.0911
153     0.9871    0.0370    0.8877      1.0283
154     0.9890    0.0293    0.8866      1.0542
155     0.9915    0.0239    0.8837      1.0377
156     0.9893    0.0296    0.8843      1.0342
157     0.9904    0.0271    0.8886      1.0695
158     0.9873    0.0354    0.8832      1.1033
159     0.9890    0.0305    0.8847      1.0803
160     0.9878    0.0362    0.8880      1.0577
161     0.9908    0.0267    0.8898      1.0604
162     0.9894    0.0280    0.8868      1.0781
163     0.9902    0.0264    0.8872      1.1022
164     0.9896    0.0278    0.8803      1.1697
165     0.9911    0.0257    0.8793      1.1883
166     0.9873    0.0350    0.8860      1.1039
167     0.9887    0.0312    0.8857      1.1064
168     0.9902    0.0270    0.8874      1.1130
169     0.9916    0.0242    0.8882      1.1367
170     0.9928    0.0215    0.8845      1.1485
171     0.9874    0.0379    0.8797      1.1049
172     0.9914    0.0241    0.8831      1.1360
173     0.9911    0.0250    0.8880      1.1488
174     0.9859    0.0410    0.8855      1.1365
175     0.9912    0.0254    0.8838      1.1192
176     0.9911    0.0253    0.8856      1.1598
177     0.9918    0.0233    0.8870      1.1372
178     0.9907    0.0272    0.8852      1.1659
179     0.9913    0.0246    0.8827      1.2320
180     0.9895    0.0273    0.8815      1.2052
181     0.9912    0.0263    0.8846      1.1525
182     0.9913    0.0254    0.8819      1.1722
183     0.9901    0.0280    0.8885      1.1878
184     0.9898    0.0283    0.8850      1.1582
185     0.9918    0.0249    0.8848      1.2156
186     0.9914    0.0236    0.8835      1.2249
187     0.9922    0.0223    0.8810      1.2689
188     0.9905    0.0279    0.8846      1.2046
189     0.9917    0.0241    0.8873      1.1547
190     0.9930    0.0202    0.8804      1.3005
191     0.9910    0.0269    0.8814      1.3227
192     0.9901    0.0286    0.8857      1.2265
193     0.9919    0.0223    0.8868      1.2187
194     0.9911    0.0247    0.8852      1.2480
195     0.9938    0.0179    0.8863      1.2049
196     0.9910    0.0265    0.8860      1.2742
197     0.9930    0.0214    0.8860      1.3027
198     0.9907    0.0260    0.8849      1.2376
199     0.9924    0.0199    0.8880      1.2010
200     0.9924    0.0205    0.8857      1.2734
201     0.9916    0.0246    0.8874      1.2747
202     0.9915    0.0247    0.8874      1.2269
203     0.9924    0.0211    0.8871      1.1972
204     0.9912    0.0253    0.8884      1.2768
205     0.9922    0.0238    0.8851      1.2601
206     0.9934    0.0180    0.8835      1.3419
207     0.9899    0.0270    0.8819      1.3244
208     0.9924    0.0228    0.8841      1.2910
209     0.9931    0.0196    0.8881      1.2404
210     0.9943    0.0172    0.8848      1.3193
211     0.9926    0.0210    0.8879      1.2883
212     0.9923    0.0212    0.8860      1.3812
213     0.9897    0.0309    0.8833      1.3134
214     0.9934    0.0199    0.8869      1.3362
215     0.9903    0.0279    0.8853      1.3140
216     0.9919    0.0240    0.8785      1.3363
217     0.9940    0.0187    0.8924      1.3532
218     0.9915    0.0250    0.8824      1.4539
219     0.9900    0.0281    0.8871      1.2977
220     0.9925    0.0207    0.8834      1.2835
221     0.9941    0.0174    0.8844      1.3154
222     0.9924    0.0211    0.8866      1.3161
223     0.9929    0.0206    0.8777      1.4140
224     0.9900    0.0298    0.8890      1.3334
225     0.9924    0.0223    0.8847      1.3654
226     0.9929    0.0208    0.8841      1.3535
227     0.9929    0.0217    0.8866      1.3717
228     0.9936    0.0199    0.8835      1.4359
229     0.9918    0.0244    0.8842      1.4082
230     0.9914    0.0247    0.8815      1.3799
231     0.9919    0.0244    0.8758      1.4790
232     0.9927    0.0205    0.8893      1.3544
233     0.9928    0.0206    0.8845      1.4637
234     0.9924    0.0243    0.8892      1.3706
235     0.9931    0.0185    0.8867      1.3828
236     0.9915    0.0242    0.8838      1.3683
237     0.9925    0.0227    0.8846      1.4346
238     0.9927    0.0206    0.8828      1.3554
239     0.9931    0.0202    0.8859      1.3958
240     0.9942    0.0168    0.8872      1.3437
241     0.9915    0.0265    0.8826      1.4358
242     0.9928    0.0209    0.8874      1.3539
243     0.9950    0.0140    0.8847      1.3927
244     0.9931    0.0198    0.8860      1.4481
245     0.9927    0.0221    0.8750      1.4493
246     0.9917    0.0235    0.8858      1.3479
247     0.9917    0.0245    0.8804      1.3950
248     0.9955    0.0140    0.8865      1.3970
249     0.9944    0.0156    0.8893      1.3982
250     0.9935    0.0220    0.8855      1.4602
251     0.9937    0.0178    0.8850      1.4450
252     0.9945    0.0156    0.8866      1.4551
253     0.9931    0.0201    0.8874      1.4303
254     0.9945    0.0157    0.8889      1.4831
255     0.9939    0.0180    0.8853      1.4701
256     0.9942    0.0185    0.8865      1.4813
257     0.9921    0.0258    0.8867      1.4474
258     0.9932    0.0217    0.8819      1.4857
259     0.9945    0.0173    0.8851      1.4229
260     0.9948    0.0179    0.8852      1.5220
261     0.9938    0.0181    0.8875      1.4076
262     0.9954    0.0140    0.8836      1.4575
263     0.9953    0.0149    0.8826      1.4601
264     0.9938    0.0198    0.8870      1.4606
265     0.9934    0.0192    0.8849      1.5172
266     0.9947    0.0172    0.8853      1.5671
267     0.9931    0.0207    0.8828      1.5200
268     0.9937    0.0184    0.8845      1.4793
269     0.9929    0.0221    0.8858      1.5581
270     0.9933    0.0188    0.8845      1.5620
271     0.9922    0.0248    0.8872      1.5079
272     0.9936    0.0188    0.8907      1.5042
273     0.9943    0.0177    0.8858      1.5016
274     0.9958    0.0123    0.8855      1.5026
275     0.9942    0.0169    0.8851      1.4577
276     0.9942    0.0171    0.8863      1.4269
277     0.9950    0.0150    0.8906      1.4629
278     0.9960    0.0125    0.8876      1.4754
279     0.9949    0.0146    0.8833      1.5118
280     0.9935    0.0191    0.8814      1.5506
281     0.9939    0.0196    0.8831      1.5617
282     0.9942    0.0172    0.8817      1.6145
283     0.9932    0.0212    0.8850      1.5631
284     0.9947    0.0158    0.8854      1.5530
285     0.9941    0.0174    0.8862      1.5367
286     0.9951    0.0153    0.8849      1.6074
287     0.9948    0.0157    0.8826      1.5532
288     0.9965    0.0115    0.8860      1.5598
289     0.9931    0.0205    0.8849      1.5974
290     0.9959    0.0141    0.8875      1.5454
291     0.9965    0.0112    0.8870      1.5320
292     0.9932    0.0196    0.8883      1.5505
293     0.9952    0.0154    0.8881      1.6051
294     0.9957    0.0129    0.8865      1.5843
295     0.9951    0.0139    0.8870      1.5653
296     0.9948    0.0152    0.8871      1.5794
297     0.9925    0.0258    0.8881      1.5969
298     0.9953    0.0127    0.8866      1.5945
299     0.9959    0.0123    0.8832      1.7023
300     0.9923    0.0253    0.8857      1.6077
301     0.9956    0.0125    0.8886      1.6055
302     0.9956    0.0144    0.8875      1.5778
303     0.9954    0.0139    0.8829      1.6472
304     0.9940    0.0180    0.8850      1.6091
305     0.9940    0.0161    0.8859      1.6067
306     0.9949    0.0150    0.8831      1.6869
307     0.9955    0.0131    0.8847      1.6379
308     0.9939    0.0192    0.8884      1.6097
309     0.9971    0.0095    0.8892      1.5836
310     0.9949    0.0165    0.8851      1.5987
311     0.9948    0.0149    0.8860      1.6432
312     0.9939    0.0185    0.8861      1.5945
313     0.9944    0.0169    0.8877      1.6356
314     0.9960    0.0116    0.8846      1.6172
315     0.9946    0.0166    0.8854      1.7188
316     0.9956    0.0147    0.8794      1.7547
317     0.9919    0.0262    0.8897      1.6052
318     0.9949    0.0137    0.8882      1.6460
319     0.9939    0.0189    0.8839      1.6266
320     0.9956    0.0144    0.8847      1.6727
321     0.9957    0.0124    0.8853      1.6670
322     0.9959    0.0134    0.8876      1.6332
323     0.9949    0.0143    0.8840      1.6865
324     0.9952    0.0153    0.8834      1.7114
325     0.9939    0.0203    0.8879      1.6619
326     0.9964    0.0127    0.8863      1.6267
327     0.9977    0.0084    0.8843      1.6467
328     0.9967    0.0104    0.8854      1.6577
329     0.9957    0.0138    0.8843      1.6417
330     0.9962    0.0104    0.8887      1.6383
331     0.9964    0.0118    0.8861      1.6876
332     0.9966    0.0113    0.8850      1.6966
333     0.9935    0.0188    0.8894      1.6836
334     0.9964    0.0119    0.8818      1.7384
335     0.9933    0.0193    0.8871      1.6697
336     0.9941    0.0195    0.8843      1.7169
337     0.9968    0.0101    0.8841      1.7124
338     0.9965    0.0109    0.8882      1.6629
339     0.9942    0.0164    0.8842      1.7819
340     0.9945    0.0175    0.8861      1.7328
341     0.9957    0.0121    0.8848      1.6655
342     0.9941    0.0171    0.8863      1.7263
343     0.9944    0.0190    0.8864      1.7838
344     0.9955    0.0139    0.8850      1.6875
345     0.9960    0.0130    0.8908      1.6981
346     0.9958    0.0127    0.8877      1.7257
347     0.9956    0.0126    0.8827      1.8151
348     0.9951    0.0147    0.8879      1.7318
349     0.9963    0.0102    0.8792      1.7861
350     0.9943    0.0200    0.8844      1.7583
351     0.9969    0.0106    0.8863      1.8328
352     0.9947    0.0160    0.8869      1.8177
353     0.9962    0.0116    0.8840      1.7814
354     0.9963    0.0119    0.8884      1.7544
355     0.9969    0.0092    0.8814      1.7901
356     0.9949    0.0147    0.8899      1.7385
357     0.9955    0.0140    0.8811      1.8455
358     0.9943    0.0186    0.8889      1.7941
359     0.9946    0.0179    0.8747      1.8421
360     0.9937    0.0177    0.8868      1.7405
361     0.9949    0.0156    0.8835      1.7714
362     0.9954    0.0160    0.8859      1.8364
363     0.9924    0.0234    0.8854      1.7919
364     0.9971    0.0096    0.8853      1.8337
365     0.9965    0.0118    0.8863      1.7801
366     0.9963    0.0107    0.8854      1.8443
367     0.9956    0.0126    0.8850      1.8316
368     0.9970    0.0111    0.8846      1.8281
369     0.9970    0.0090    0.8876      1.8323
370     0.9977    0.0080    0.8870      1.7551
371     0.9955    0.0150    0.8884      1.8115
372     0.9971    0.0089    0.8881      1.8435
373     0.9965    0.0123    0.8847      1.7739
374     0.9930    0.0227    0.8873      1.7792
375     0.9981    0.0063    0.8851      1.8158
376     0.9950    0.0168    0.8878      1.8042
377     0.9970    0.0087    0.8856      1.7710
378     0.9947    0.0174    0.8801      1.8912
379     0.9958    0.0135    0.8882      1.7980
380     0.9958    0.0133    0.8793      1.9003
381     0.9954    0.0135    0.8817      1.9207
382     0.9951    0.0144    0.8905      1.8420
383     0.9964    0.0127    0.8857      1.8285
384     0.9968    0.0108    0.8820      1.8792
385     0.9957    0.0127    0.8822      1.9745
386     0.9939    0.0204    0.8843      1.8216
387     0.9950    0.0164    0.8848      1.8712
388     0.9972    0.0082    0.8870      1.8745
389     0.9943    0.0168    0.8851      1.8695
390     0.9972    0.0088    0.8852      1.9398
391     0.9948    0.0175    0.8864      1.8802
392     0.9965    0.0105    0.8866      1.9428
393     0.9956    0.0141    0.8894      1.8765
394     0.9958    0.0160    0.8839      1.9086
395     0.9970    0.0098    0.8880      1.8524
396     0.9968    0.0108    0.8862      1.9224
397     0.9937    0.0213    0.8876      1.8586
398     0.9935    0.0205    0.8891      1.9155
399     0.9960    0.0121    0.8815      2.0114
400     0.9952    0.0169    0.8882      1.8598